cpu  1297200 120 162150 14400000 812 0 311 0 0 0
cpu0 81000 7 10125 900000 50 0 19 0 0 0
cpu1 81010 7 10126 900000 50 0 19 0 0 0
cpu2 81020 7 10127 900000 50 0 19 0 0 0
cpu3 81030 7 10128 900000 50 0 19 0 0 0
cpu4 81040 7 10130 900000 50 0 19 0 0 0
cpu5 81050 7 10131 900000 50 0 19 0 0 0
cpu6 81060 7 10132 900000 50 0 19 0 0 0
cpu7 81070 7 10133 900000 50 0 19 0 0 0
cpu8 81080 7 10135 900000 50 0 19 0 0 0
cpu9 81090 7 10136 900000 50 0 19 0 0 0
cpu10 81100 7 10137 900000 50 0 19 0 0 0
cpu11 81110 7 10138 900000 50 0 19 0 0 0
cpu12 81120 7 10140 900000 50 0 19 0 0 0
cpu13 81130 7 10141 900000 50 0 19 0 0 0
cpu14 81140 7 10142 900000 50 0 19 0 0 0
cpu15 81150 7 10143 900000 50 0 19 0 0 0
intr 812337112 0 9 0
ctxt 1934200112
btime 1790000000
processes 912331
procs_running 9
procs_blocked 0
softirq 312003 0 1 2 3 4 5 6 7 8 9
